[[9, 1, ],
[0, 10, 2, ],
[1, 11, 3, ],
[2, 12, 4, ],
[3, 13, 5, ],
[4, 14, 6, ],
[5, 15, 7, ],
[6, 16, 8, ],
[7, 17, ],
[0, 18, 10, ],
[9, 1, 19, 11, ],
[10, 2, 20, 12, ],
[11, 3, 21, 13, ],
[12, 4, 22, 14, ],
[13, 5, 23, 15, ],
[14, 6, 24, 16, ],
[15, 7, 25, 17, ],
[16, 8, 26, ],
[9, 27, 19, ],
[18, 10, 28, 20, ],
[19, 11, 29, 21, ],
[20, 12, 30, 22, ],
[21, 13, 31, 23, ],
[22, 14, 32, 24, ],
[23, 15, 33, 25, ],
[24, 16, 34, 26, ],
[25, 17, 35, ],
[18, 36, 28, ],
[27, 19, 37, 29, ],
[28, 20, 38, 30, ],
[29, 21, 39, 31, ],
[30, 22, 40, 32, ],
[31, 23, 41, 33, ],
[32, 24, 42, 34, ],
[33, 25, 43, 35, ],
[34, 26, 44, ],
[27, 45, 37, ],
[36, 28, 46, 38, ],
[37, 29, 47, 39, ],
[38, 30, 48, 40, ],
[39, 31, 49, 41, ],
[40, 32, 50, 42, ],
[41, 33, 51, 43, ],
[42, 34, 52, 44, ],
[43, 35, 53, ],
[36, 54, 46, ],
[45, 37, 55, 47, ],
[46, 38, 56, 48, ],
[47, 39, 57, 49, ],
[48, 40, 58, 50, ],
[49, 41, 59, 51, ],
[50, 42, 60, 52, ],
[51, 43, 61, 53, ],
[52, 44, 62, ],
[45, 63, 55, ],
[54, 46, 64, 56, ],
[55, 47, 65, 57, ],
[56, 48, 66, 58, ],
[57, 49, 67, 59, ],
[58, 50, 68, 60, ],
[59, 51, 69, 61, ],
[60, 52, 70, 62, ],
[61, 53, 71, ],
[54, 72, 64, ],
[63, 55, 73, 65, ],
[64, 56, 74, 66, ],
[65, 57, 75, 67, ],
[66, 58, 76, 68, ],
[67, 59, 77, 69, ],
[68, 60, 78, 70, ],
[69, 61, 79, 71, ],
[70, 62, 80, ],
[63, 73, ],
[72, 64, 74, ],
[73, 65, 75, ],
[74, 66, 76, ],
[75, 67, 77, ],
[76, 68, 78, ],
[77, 69, 79, ],
[78, 70, 80, ],
[79, 71, ],
]